[
  [
    255,
    216,
    255,
    224,
    0,
    16,
    74,
    70,
    73,
    70,
    0,
    1,
    1,
    1,
    0,
    192,
    0,
    192,
    0,
    0,
    255,
    225,
    0,
    34,
    69,
    120,
    105,
    102,
    0,
    0,
    77,
    77
  ],
  [
    0,
    42,
    0,
    0,
    0,
    8,
    0,
    1,
    1,
    18,
    0,
    3,
    0,
    0,
    0,
    1,
    0,
    1,
    0,
    0,
    0,
    0,
    0,
    0,
    255,
    219,
    0,
    67,
    0,
    2,
    1,
    1
  ],
  [
    2,
    1,
    1,
    2,
    2,
    2,
    2,
    2,
    2,
    2,
    2,
    3,
    5,
    3,
    3,
    3,
    3,
    3,
    6,
    4,
    4,
    3,
    5,
    7,
    6,
    7,
    7,
    7,
    6,
    7,
    7,
    8
  ],
  [
    9,
    11,
    9,
    8,
    8,
    10,
    8,
    7,
    7,
    10,
    13,
    10,
    10,
    11,
    12,
    12,
    12,
    12,
    7,
    9,
    14,
    15,
    13,
    12,
    14,
    11,
    12,
    12,
    12,
    255,
    219,
    0
  ],
  [
    67,
    1,
    2,
    2,
    2,
    3,
    3,
    3,
    6,
    3,
    3,
    6,
    12,
    8,
    7,
    8,
    12,
    12,
    12,
    12,
    12,
    12,
    12,
    12,
    12,
    12,
    12,
    12,
    12,
    12,
    12,
    12
  ],
  [
    12,
    12,
    12,
    12,
    12,
    12,
    12,
    12,
    12,
    12,
    12,
    12,
    12,
    12,
    12,
    12,
    12,
    12,
    12,
    12,
    12,
    12,
    12,
    12,
    12,
    12,
    12,
    12,
    12,
    12,
    12,
    12
  ],
  [
    12,
    12,
    255,
    192,
    0,
    17,
    8,
    0,
    29,
    0,
    29,
    3,
    1,
    34,
    0,
    2,
    17,
    1,
    3,
    17,
    1,
    255,
    196,
    0,
    31,
    0,
    0,
    1,
    5,
    1,
    1,
    1
  ],
  [
    1,
    1,
    1,
    0,
    0,
    0,
    0,
    0,
    0,
    0,
    0,
    1,
    2,
    3,
    4,
    5,
    6,
    7,
    8,
    9,
    10,
    11,
    255,
    196,
    0,
    181,
    16,
    0,
    2,
    1,
    3,
    3
  ],
  [
    2,
    4,
    3,
    5,
    5,
    4,
    4,
    0,
    0,
    1,
    125,
    1,
    2,
    3,
    0,
    4,
    17,
    5,
    18,
    33,
    49,
    65,
    6,
    19,
    81,
    97,
    7,
    34,
    113,
    20,
    50,
    129
  ],
  [
    145,
    161,
    8,
    35,
    66,
    177,
    193,
    21,
    82,
    209,
    240,
    36,
    51,
    98,
    114,
    130,
    9,
    10,
    22,
    23,
    24,
    25,
    26,
    37,
    38,
    39,
    40,
    41,
    42,
    52,
    53,
    54
  ],
  [
    55,
    56,
    57,
    58,
    67,
    68,
    69,
    70,
    71,
    72,
    73,
    74,
    83,
    84,
    85,
    86,
    87,
    88,
    89,
    90,
    99,
    100,
    101,
    102,
    103,
    104,
    105,
    106,
    115,
    116,
    117,
    118
  ],
  [
    119,
    120,
    121,
    122,
    131,
    132,
    133,
    134,
    135,
    136,
    137,
    138,
    146,
    147,
    148,
    149,
    150,
    151,
    152,
    153,
    154,
    162,
    163,
    164,
    165,
    166,
    167,
    168,
    169,
    170,
    178,
    179
  ],
  [
    180,
    181,
    182,
    183,
    184,
    185,
    186,
    194,
    195,
    196,
    197,
    198,
    199,
    200,
    201,
    202,
    210,
    211,
    212,
    213,
    214,
    215,
    216,
    217,
    218,
    225,
    226,
    227,
    228,
    229,
    230,
    231
  ],
  [
    232,
    233,
    234,
    241,
    242,
    243,
    244,
    245,
    246,
    247,
    248,
    249,
    250,
    255,
    196,
    0,
    31,
    1,
    0,
    3,
    1,
    1,
    1,
    1,
    1,
    1,
    1,
    1,
    1,
    0,
    0,
    0
  ],
  [
    0,
    0,
    0,
    1,
    2,
    3,
    4,
    5,
    6,
    7,
    8,
    9,
    10,
    11,
    255,
    196,
    0,
    181,
    17,
    0,
    2,
    1,
    2,
    4,
    4,
    3,
    4,
    7,
    5,
    4,
    4,
    0
  ],
  [
    1,
    2,
    119,
    0,
    1,
    2,
    3,
    17,
    4,
    5,
    33,
    49,
    6,
    18,
    65,
    81,
    7,
    97,
    113,
    19,
    34,
    50,
    129,
    8,
    20,
    66,
    145,
    161,
    177,
    193,
    9,
    35
  ],
  [
    51,
    82,
    240,
    21,
    98,
    114,
    209,
    10,
    22,
    36,
    52,
    225,
    37,
    241,
    23,
    24,
    25,
    26,
    38,
    39,
    40,
    41,
    42,
    53,
    54,
    55,
    56,
    57,
    58,
    67,
    68,
    69
  ],
  [
    70,
    71,
    72,
    73,
    74,
    83,
    84,
    85,
    86,
    87,
    88,
    89,
    90,
    99,
    100,
    101,
    102,
    103,
    104,
    105,
    106,
    115,
    116,
    117,
    118,
    119,
    120,
    121,
    122,
    130,
    131,
    132
  ],
  [
    133,
    134,
    135,
    136,
    137,
    138,
    146,
    147,
    148,
    149,
    150,
    151,
    152,
    153,
    154,
    162,
    163,
    164,
    165,
    166,
    167,
    168,
    169,
    170,
    178,
    179,
    180,
    181,
    182,
    183,
    184,
    185
  ],
  [
    186,
    194,
    195,
    196,
    197,
    198,
    199,
    200,
    201,
    202,
    210,
    211,
    212,
    213,
    214,
    215,
    216,
    217,
    218,
    226,
    227,
    228,
    229,
    230,
    231,
    232,
    233,
    234,
    242,
    243,
    244,
    245
  ],
  [
    246,
    247,
    248,
    249,
    250,
    255,
    218,
    0,
    12,
    3,
    1,
    0,
    2,
    17,
    3,
    17,
    0,
    63,
    0,
    143,
    227,
    183,
    192,
    157,
    115,
    246,
    78,
    241,
    189,
    246,
    159,
    168
  ],
  [
    88,
    222,
    67,
    161,
    195,
    113,
    229,
    92,
    91,
    203,
    151,
    155,
    69,
    149,
    142,
    64,
    39,
    157,
    240,
    182,
    65,
    87,
    4,
    130,
    24,
    114,
    73,
    6,
    78,
    146,
    125,
    7
  ],
  [
    79,
    253,
    173,
    180,
    235,
    93,
    47,
    80,
    191,
    179,
    211,
    252,
    108,
    235,
    28,
    22,
    90,
    189,
    195,
    149,
    183,
    215,
    162,
    224,
    36,
    87,
    14,
    160,
    159,
    180,
    40,
    199
  ],
  [
    151,
    46,
    15,
    152,
    0,
    70,
    203,
    108,
    99,
    242,
    223,
    192,
    47,
    143,
    186,
    55,
    236,
    37,
    224,
    223,
    13,
    178,
    248,
    147,
    86,
    248,
    159,
    251,
    13,
    252,
    79,
    190
  ],
  [
    158,
    199,
    193,
    254,
    48,
    190,
    179,
    243,
    245,
    159,
    133,
    26,
    164,
    153,
    154,
    231,
    65,
    214,
    173,
    161,
    13,
    177,
    151,
    204,
    105,
    38,
    183,
    140,
    20,
    157,
    24,
    223
  ],
  [
    216,
    135,
    223,
    117,
    107,
    63,
    184,
    124,
    73,
    248,
    109,
    55,
    192,
    187,
    216,
    239,
    172,
    100,
    143,
    84,
    240,
    62,
    168,
    177,
    93,
    91,
    220,
    90,
    220,
    45,
    228,
    86
  ],
  [
    145,
    206,
    171,
    36,
    51,
    69,
    52,
    101,
    146,
    107,
    89,
    81,
    209,
    227,
    149,
    25,
    149,
    213,
    212,
    134,
    109,
    202,
    210,
    124,
    103,
    10,
    241,
    86,
    39,
    132,
    177,
    63
  ],
  [
    216,
    57,
    245,
    235,
    96,
    43,
    182,
    163,
    38,
    174,
    213,
    213,
    158,
    250,
    115,
    219,
    73,
    69,
    218,
    53,
    98,
    186,
    73,
    39,
    31,
    188,
    226,
    206,
    19,
    197,
    241,
    54
  ],
  [
    43,
    254,
    34,
    79,
    134,
    175,
    234,
    252,
    65,
    135,
    180,
    177,
    24,
    120,
    233,
    28,
    92,
    83,
    187,
    156,
    87,
    90,
    183,
    215,
    188,
    229,
    255,
    0,
    79,
    127,
    141,
    200
  ],
  [
    248,
    199,
    193,
    19,
    194,
    250,
    151,
    128,
    62,
    33,
    105,
    179,
    6,
    89,
    86,
    222,
    69,
    150,
    70,
    143,
    207,
    42,
    203,
    34,
    6,
    100,
    96,
    114,
    112,
    172,
    172,
    14
  ],
  [
    28,
    99,
    5,
    129,
    203,
    121,
    214,
    143,
    225,
    127,
    136,
    159,
    4,
    231,
    184,
    209,
    116,
    125,
    37,
    252,
    105,
    225,
    248,
    246,
    182,
    155,
    116,
    250,
    164,
    86,
    119,
    22
  ],
  [
    177,
    115,
    251,
    137,
    119,
    253,
    253,
    188,
    96,
    129,
    140,
    116,
    192,
    33,
    19,
    236,
    91,
    59,
    205,
    31,
    246,
    191,
    240,
    125,
    175,
    134,
    124,
    77,
    117,
    109,
    111,
    227
  ],
  [
    27,
    120,
    68,
    90,
    14,
    189,
    41,
    202,
    106,
    73,
    213,
    109,
    110,
    88,
    114,
    217,
    39,
    228,
    126,
    78,
    78,
    70,
    88,
    145,
    55,
    135,
    107,
    115,
    235,
    63,
    9,
    117
  ],
  [
    219,
    205,
    3,
    196,
    154,
    110,
    165,
    253,
    161,
    167,
    73,
    229,
    29,
    177,
    135,
    144,
    14,
    184,
    126,
    112,
    120,
    32,
    135,
    82,
    67,
    169,
    4,
    103,
    169,
    253,
    179,
    29
  ],
  [
    150,
    214,
    166,
    233,
    230,
    25,
    110,
    45,
    66,
    114,
    138,
    228,
    174,
    249,
    165,
    10,
    144,
    217,
    42,
    174,
    49,
    148,
    156,
    146,
    86,
    133,
    71,
    23,
    45,
    61,
    149,
    111
  ],
  [
    125,
    70,
    79,
    241,
    252,
    131,
    62,
    204,
    51,
    108,
    46,
    35,
    57,
    240,
    231,
    7,
    78,
    164,
    170,
    202,
    248,
    220,
    166,
    164,
    127,
    119,
    26,
    215,
    87,
    196,
    97,
    169
  ],
  [
    186,
    148,
    249,
    110,
    210,
    246,
    180,
    163,
    36,
    163,
    164,
    160,
    165,
    73,
    40,
    210,
    246,
    95,
    218,
    79,
    246,
    108,
    213,
    126,
    34,
    120,
    171,
    226,
    151,
    196,
    143,
    134
  ],
  [
    255,
    0,
    11,
    116,
    251,
    159,
    138,
    55,
    54,
    130,
    207,
    246,
    150,
    253,
    154,
    111,
    11,
    199,
    166,
    124,
    87,
    176,
    71,
    18,
    29,
    111,
    71,
    17,
    150,
    120,
    245,
    36
  ],
  [
    119,
    23,
    16,
    220,
    91,
    150,
    152,
    76,
    235,
    44,
    109,
    36,
    178,
    17,
    169,
    252,
    147,
    240,
    11,
    227,
    238,
    141,
    251,
    9,
    120,
    55,
    195,
    108,
    190,
    36,
    213,
    190
  ],
  [
    39,
    254,
    195,
    127,
    19,
    239,
    167,
    177,
    240,
    127,
    140,
    47,
    172,
    252,
    253,
    103,
    225,
    70,
    169,
    38,
    102,
    185,
    208,
    117,
    171,
    104,
    67,
    108,
    101,
    243,
    26,
    73
  ],
  [
    173,
    227,
    5,
    39,
    70,
    55,
    246,
    33,
    247,
    221,
    90,
    207,
    250,
    81,
    226,
    175,
    16,
    248,
    139,
    226,
    151,
    138,
    60,
    125,
    107,
    125,
    173,
    181,
    159,
    197,
    79,
    217
  ],
  [
    135,
    69,
    213,
    181,
    111,
    12,
    252,
    68,
    178,
    135,
    203,
    213,
    53,
    40,
    52,
    201,
    221,
    37,
    178,
    191,
    141,
    153,
    146,
    230,
    25,
    210,
    66,
    6,
    227,
    148,
    59,
    203
  ],
  [
    121,
    194,
    105,
    150,
    79,
    147,
    127,
    224,
    167,
    90,
    143,
    134,
    191,
    103,
    255,
    0,
    217,
    123,
    194,
    31,
    182,
    134,
    145,
    224,
    205,
    22,
    79,
    15,
    254,
    211,
    26,
    207
  ],
  [
    252,
    32,
    255,
    0,
    28,
    190,
    15,
    187,
    58,
    248,
    95,
    226,
    27,
    43,
    106,
    18,
    13,
    90,
    39,
    7,
    204,
    211,
    181,
    20,
    150,
    194,
    89,
    162,
    185,
    136,
    60,
    145
  ],
  [
    79,
    50,
    74,
    24,
    184,
    186,
    55,
    159,
    142,
    70,
    56,
    124,
    219,
    15,
    60,
    183,
    31,
    30,
    117,
    36,
    247,
    221,
    164,
    237,
    125,
    54,
    148,
    93,
    181,
    93,
    108,
    215
  ],
  [
    101,
    250,
    206,
    95,
    155,
    208,
    196,
    229,
    244,
    184,
    239,
    133,
    111,
    66,
    10,
    175,
    178,
    169,
    77,
    239,
    70,
    189,
    156,
    156,
    34,
    219,
    124,
    244,
    164,
    163,
    39,
    29
  ],
  [
    100,
    210,
    78,
    19,
    110,
    209,
    156,
    225,
    248,
    147,
    240,
    218,
    111,
    129,
    119,
    177,
    223,
    88,
    201,
    30,
    169,
    224,
    125,
    81,
    98,
    186,
    183,
    184,
    181,
    184,
    91,
    200
  ],
  [
    173,
    35,
    157,
    86,
    72,
    102,
    138,
    104,
    203,
    36,
    214,
    178,
    163,
    163,
    199,
    42,
    51,
    43,
    171,
    169,
    12,
    219,
    149,
    164,
    244,
    175,
    134,
    223,
    180,
    94,
    155,
    163
  ],
  [
    120,
    122,
    27,
    79,
    19,
    120,
    63,
    65,
    241,
    212,
    118,
    177,
    36,
    90,
    117,
    221,
    242,
    68,
    211,
    219,
    91,
    140,
    145,
    16,
    145,
    163,
    144,
    180,
    96,
    182,
    84,
    113
  ],
  [
    183,
    36,
    100,
    140,
    5,
    240,
    63,
    128,
    90,
    78,
    163,
    251,
    7,
    127,
    193,
    88,
    254,
    33,
    126,
    193,
    146,
    107,
    87,
    159,
    16,
    190,
    23,
    105,
    54,
    218,
    134,
    171
  ],
  [
    225,
    45,
    75,
    89,
    69,
    93,
    67,
    195,
    105,
    253,
    132,
    254,
    32,
    123,
    66,
    20,
    20,
    158,
    222,
    88,
    204,
    144,
    203,
    22,
    35,
    79,
    180,
    49,
    186,
    137,
    96,
    243
  ],
  [
    46,
    96,
    184,
    185,
    241,
    150,
    9,
    62,
    1,
    248,
    217,
    180,
    173,
    34,
    69,
    159,
    76,
    188,
    129,
    111,
    96,
    130,
    228,
    51,
    253,
    143,
    115,
    186,
    152,
    213,
    183,
    100
  ],
  [
    174,
    84,
    145,
    159,
    94,
    231,
    44,
    220,
    220,
    33,
    199,
    152,
    238,
    9,
    198,
    203,
    33,
    204,
    225,
    245,
    188,
    45,
    68,
    231,
    4,
    228,
    226,
    221,
    180,
    191,
    50,
    77
  ],
  [
    194,
    107,
    105,
    52,
    185,
    106,
    71,
    117,
    123,
    89,
    241,
    215,
    130,
    53,
    252,
    84,
    127,
    235,
    159,
    135,
    211,
    88,
    28,
    242,
    47,
    151,
    17,
    27,
    242,
    211,
    174,
    157
  ],
  [
    175,
    82,
    246,
    105,
    84,
    235,
    43,
    233,
    59,
    54,
    218,
    168,
    185,
    170,
    255,
    0,
    255,
    217
  ]
]